1
13
17
3
1
14
0
2
14
15
8
3
1
16
9
16
7
17
11
11
4
9
9
18
10
7
4
14
1
2
0
18
12
9
6
17
2
7
13
15
9
1
2
15
5
18
4
9
13
7
13
11
14
7
11
9
19
18
14
16
3
14
7
0
4
1
13
15
15
9
5
1
8
15
17
2
5
15
12
12
19
14
16
19
17
16
10
5
17
6
12
8
9
11
5
10
4
13
6
6
19
12
11
15
9
12
13
11
16
19
3
11
8
5
18
13
1
12
19
5
9
10
13
12
7
11
17
6
14
12
10
18
10
2
16
12
7
8
15
1
1
10
17
9
9
4
12
9
9
0
3
6
5
6
12
13
4
11
12
1
7
8
9
19
12
8
11
5
3
7
19
16
1
4
6
3
17
6
5
7
9
17
19
14
16
13
12
2
14
1
4
8
19
19
7
11
11
7
11
5
2
7
16
13
15
5
18
17
2
12
15
10
8
15
12
9
14
9
16
4
0
2
15
8
10
6
3
4
0
2
8
10
4
13
14
1
16
1
5
19
6
14
3
0
2
4
8
7
14
10
11
11
6
9
16
10
4
5
16
3
10
13
8
6
6
11
16
14
0
19
16
17
2
0
19
12
4
12
2
5
14
7
8
8
2
17
8
7
18
7
3
6
14
13
6
11
6
3
10
17
12
12
0
2
5
15
17
2
7
10
19
5
11
7
3
17
1
12
17
0
14
15
8
5
16
19
15
0
13
14
16
0
16
15
2
0
12
14
1
6
13
3
3
13
2
8
2
17
0
14
18
6
15
3
3
10
5
0
12
13
17
13
11
2
17
9
16
19
5
13
7
15
1
4
10
1
13
2
11
14
6
11
12
6
2
15
16
14
19
16
16
9
7
10
10
2
0
3
6
5
4
18
12
4
0
19
0
15
14
7
19
11
3
14
5
5
13
18
8
5
16
5
11
8
3
1
15
4
15
8
1
9
10
6
12
17
18
4
18
13
1
11
8
8
13
13
16
17
0
18
8
8
12
3
11
1
9
13
5
5
4
16
10
2
1
0
4
7
3
17
7
14
1
5
10
4
3
16
4
12
19
1
11
5
8
6
18
12
18
16
13
6
18
19
5
9
7
5
9
5
19
2
6
13
13
18
9
7
5
11
17
13
7
13
3
2
15
12
4
8
9
7
4
0
6
10
3
1
18
6
12
10
8
4
5
18
19
14
0
19
0
4
15
3
16
10
9
10
14
11
1
19
0
4
1
10
17
13
16
13
16
1
18
18
0
15
2
11
11
17
12
13
14
3
16
18
6
3
1
5
19
0
13
17
11
9
12
5
10
15
17
12
19
0
18
0
8
19
3
14
19
2
19
10
10
6
18
4
12
3
3
1
6
17
11
11
9
10
4
19
8
11
8
11
17
11
13
19
4
8
4
14
12
2
8
12
13
4
17
9
7
15
15
12
0
2
17
5
16
8
1
0
8
1
17
7
18
6
0
2
16
5
9
7
7
15
19
4
11
19
14
0
10
19
18
5
17
15
18
14
1
5
2
0
18
19
14
10
8
0
1
15
6
14
6
1
1
10
2
0
14
16
19
11
6
3
7
3
16
0
18
10
7
15
18
3
13
6
15
13
